100 3 966

29 40 31

5 -6 -5
-6 4 1
-5 1 -4

0 1
0 16
0 21
0 23
0 32
0 34
0 37
0 41
0 45
0 46
0 47
0 49
0 55
0 56
0 58
0 60
0 62
0 74
0 75
0 76
0 84
0 85
0 87
0 88
1 4
1 13
1 20
1 27
1 40
1 41
1 52
1 60
1 62
1 70
1 76
1 77
1 79
1 82
1 85
1 87
1 89
1 91
2 3
2 5
2 12
2 28
2 29
2 31
2 47
2 48
2 50
2 54
2 56
2 57
2 59
2 76
2 80
2 81
2 82
2 83
2 97
3 6
3 13
3 17
3 25
3 37
3 40
3 42
3 43
3 45
3 54
3 56
3 65
3 68
3 72
3 75
3 84
3 95
4 10
4 15
4 39
4 51
4 61
4 62
4 63
4 64
4 67
4 70
4 73
4 78
4 83
4 84
4 94
4 95
4 98
5 7
5 17
5 24
5 30
5 35
5 41
5 46
5 53
5 55
5 69
5 76
5 79
5 92
5 93
5 96
5 98
6 10
6 15
6 16
6 18
6 25
6 29
6 34
6 36
6 37
6 39
6 42
6 52
6 53
6 56
6 57
6 59
6 64
6 68
6 71
6 75
6 76
6 78
6 81
6 89
6 91
6 99
7 10
7 11
7 19
7 29
7 32
7 37
7 38
7 40
7 43
7 46
7 55
7 66
7 75
7 81
7 83
7 84
7 88
7 91
7 92
7 93
7 96
8 16
8 18
8 19
8 29
8 30
8 31
8 32
8 49
8 53
8 57
8 64
8 65
8 72
8 80
8 87
8 97
9 15
9 20
9 37
9 38
9 42
9 45
9 52
9 53
9 54
9 58
9 59
9 65
9 80
9 81
9 84
9 87
9 88
9 90
9 92
9 94
9 99
10 12
10 19
10 25
10 33
10 54
10 56
10 58
10 65
10 68
10 69
10 71
10 86
10 97
11 13
11 17
11 22
11 23
11 25
11 26
11 27
11 37
11 38
11 48
11 51
11 54
11 60
11 70
11 77
11 92
12 13
12 21
12 22
12 25
12 28
12 32
12 33
12 34
12 36
12 40
12 44
12 45
12 50
12 61
12 63
12 87
12 91
12 92
12 96
13 22
13 23
13 31
13 37
13 38
13 43
13 47
13 53
13 58
13 71
13 74
13 76
13 82
13 95
14 32
14 45
14 59
14 63
14 65
14 72
14 73
14 80
14 84
14 86
14 92
14 95
14 96
14 97
15 23
15 26
15 27
15 30
15 31
15 35
15 44
15 57
15 58
15 63
15 66
15 69
15 74
15 84
15 86
15 90
15 92
15 93
15 98
16 22
16 23
16 24
16 31
16 40
16 44
16 45
16 48
16 52
16 55
16 63
16 77
16 83
16 84
16 88
16 89
16 90
16 95
16 99
17 21
17 24
17 30
17 37
17 38
17 50
17 64
17 65
17 69
17 73
17 74
17 79
17 81
17 88
17 91
17 93
18 32
18 33
18 39
18 50
18 58
18 60
18 67
18 81
18 88
18 91
18 97
18 98
19 26
19 38
19 66
19 76
19 77
19 79
19 82
19 84
19 86
19 88
19 89
19 97
19 99
20 21
20 27
20 28
20 31
20 37
20 45
20 50
20 69
20 70
20 73
20 75
20 85
20 87
20 90
20 93
20 98
21 25
21 29
21 34
21 37
21 40
21 41
21 44
21 45
21 47
21 52
21 56
21 61
21 64
21 65
21 73
21 81
21 84
21 93
21 98
22 30
22 39
22 43
22 47
22 65
22 72
22 75
22 78
22 89
22 91
22 95
22 97
23 35
23 36
23 56
23 59
23 60
23 67
23 82
23 83
23 86
23 89
23 93
24 26
24 31
24 34
24 36
24 42
24 44
24 47
24 48
24 50
24 53
24 62
24 68
24 72
24 77
24 79
24 80
24 83
24 85
24 86
24 90
24 92
24 94
24 95
25 34
25 37
25 41
25 45
25 57
25 59
25 62
25 67
25 69
25 71
25 76
25 79
25 83
25 88
25 91
25 93
25 98
25 99
26 31
26 33
26 39
26 40
26 44
26 45
26 47
26 54
26 58
26 63
26 65
26 68
26 70
26 78
26 83
26 84
26 88
26 94
26 96
27 32
27 39
27 44
27 47
27 54
27 58
27 59
27 61
27 62
27 75
27 76
27 77
27 81
27 82
27 93
27 94
28 43
28 49
28 51
28 53
28 66
28 67
28 68
28 81
28 82
28 90
28 97
29 31
29 35
29 42
29 45
29 48
29 49
29 51
29 56
29 68
29 69
29 79
29 86
29 87
29 91
29 96
29 98
30 34
30 36
30 37
30 38
30 40
30 43
30 46
30 50
30 59
30 71
30 74
30 75
30 80
30 86
30 88
30 98
31 37
31 58
31 72
31 73
31 78
31 79
31 84
31 86
31 91
31 92
31 93
31 99
32 40
32 44
32 46
32 61
32 62
32 67
32 79
33 44
33 49
33 56
33 59
33 61
33 72
33 75
33 88
33 90
33 94
33 97
33 99
34 39
34 40
34 52
34 54
34 58
34 67
34 69
34 73
34 79
34 80
34 82
34 93
34 94
35 41
35 42
35 53
35 54
35 60
35 67
35 68
35 69
35 81
35 84
35 87
35 90
35 92
36 38
36 44
36 56
36 57
36 59
36 64
36 66
36 71
36 76
36 77
36 81
36 85
36 88
36 96
37 39
37 53
37 54
37 60
37 61
37 63
37 65
37 66
37 74
37 80
37 81
37 85
37 88
37 95
37 98
38 44
38 54
38 60
38 64
38 66
38 71
38 77
38 81
38 82
38 85
38 86
39 62
39 65
39 75
39 76
39 80
39 81
39 83
39 90
39 97
40 41
40 42
40 44
40 45
40 49
40 52
40 58
40 62
40 81
40 83
40 85
40 91
41 61
41 66
41 77
41 83
41 85
41 88
41 92
41 99
42 46
42 55
42 57
42 60
42 61
42 69
42 74
42 87
43 73
43 75
43 77
43 78
43 80
43 85
43 86
43 88
43 98
44 49
44 51
44 54
44 57
44 68
44 74
44 76
44 80
44 81
44 87
44 89
44 93
44 95
44 97
45 47
45 62
45 72
45 82
45 83
45 84
45 85
45 86
45 87
45 93
45 97
46 51
46 58
46 61
46 64
46 67
46 73
46 74
46 75
47 53
47 68
47 70
47 76
47 82
47 93
47 96
47 99
48 52
48 53
48 54
48 58
48 64
48 65
48 71
48 72
48 75
48 82
48 84
48 86
48 90
48 94
48 96
48 99
49 54
49 58
49 59
49 60
49 67
49 68
49 72
49 75
49 90
49 91
50 54
50 55
50 61
50 64
50 69
50 71
50 73
50 92
50 93
50 95
50 96
51 52
51 60
51 75
51 94
51 99
52 53
52 55
52 59
52 64
52 66
52 67
52 68
52 69
52 71
52 89
53 60
53 65
53 66
53 69
53 82
53 84
54 58
54 62
54 80
54 81
54 83
54 88
54 91
54 93
54 96
54 97
55 60
55 66
55 69
55 71
55 73
55 74
55 78
55 83
55 86
55 94
56 57
56 59
56 62
56 65
56 70
56 73
56 75
56 76
56 79
56 89
56 93
57 58
57 60
57 63
57 64
57 66
57 67
57 69
57 73
57 77
57 85
57 90
57 92
57 94
57 96
58 60
58 67
58 84
58 88
59 60
59 61
59 63
59 66
59 67
59 69
59 72
59 75
59 89
59 97
60 64
60 84
60 89
60 96
60 98
61 64
61 65
61 76
61 77
61 82
61 83
61 86
61 88
61 93
62 67
62 78
62 81
62 89
62 90
62 92
63 66
63 73
63 74
63 77
63 82
63 92
63 98
63 99
64 67
64 69
64 85
64 91
65 79
65 80
65 81
65 92
65 94
66 71
66 72
66 75
67 69
67 74
67 79
67 86
67 94
67 97
67 99
68 76
68 83
68 91
68 92
69 79
69 94
69 98
69 99
70 74
70 76
70 78
70 82
70 89
70 93
70 95
70 97
71 72
71 74
71 77
71 96
71 98
72 79
72 82
72 91
72 94
73 79
73 84
73 95
73 96
74 77
74 89
74 91
74 95
75 80
75 82
75 85
75 88
76 77
76 79
76 97
76 98
77 81
77 90
78 79
78 86
78 94
78 95
79 81
79 84
79 85
79 86
80 86
81 82
81 89
81 93
81 97
81 98
82 88
82 92
82 93
83 87
83 93
83 94
83 99
84 85
84 88
84 89
84 97
85 87
85 89
85 94
86 91
86 93
86 98
87 89
87 92
87 93
88 89
88 90
88 99
89 98
90 91
90 93
91 95
92 99
93 97
93 98
95 96
95 97
96 98
97 99
