100 3 1008

74 5 21

8 -3 11
-3 4 -3
11 -3 11

0 5
0 7
0 8
0 11
0 13
0 14
0 22
0 23
0 29
0 30
0 32
0 34
0 35
0 38
0 44
0 53
0 56
0 68
0 74
0 83
0 89
0 91
0 93
0 96
1 2
1 11
1 19
1 24
1 28
1 36
1 39
1 47
1 49
1 50
1 51
1 52
1 54
1 64
1 65
1 74
1 75
1 83
1 92
1 93
1 97
2 3
2 5
2 9
2 10
2 28
2 44
2 45
2 52
2 59
2 62
2 63
2 68
2 70
2 71
2 75
2 82
2 90
2 96
2 98
2 99
3 7
3 10
3 17
3 18
3 21
3 23
3 31
3 34
3 43
3 59
3 62
3 63
3 68
3 69
3 70
3 74
3 78
3 93
3 96
4 9
4 17
4 18
4 23
4 24
4 26
4 31
4 32
4 36
4 38
4 42
4 46
4 48
4 55
4 60
4 77
4 79
4 88
5 13
5 25
5 30
5 31
5 34
5 37
5 40
5 41
5 48
5 51
5 65
5 74
5 75
5 91
5 99
6 8
6 15
6 21
6 26
6 27
6 29
6 53
6 63
6 64
6 70
6 71
6 72
6 80
6 83
6 85
6 89
6 91
6 92
7 16
7 17
7 35
7 43
7 46
7 54
7 55
7 64
7 68
8 11
8 14
8 20
8 22
8 24
8 26
8 29
8 33
8 35
8 38
8 39
8 43
8 45
8 46
8 54
8 56
8 58
8 59
8 71
8 84
8 87
9 12
9 17
9 19
9 23
9 25
9 30
9 33
9 34
9 35
9 46
9 52
9 53
9 58
9 61
9 68
9 70
9 77
9 79
9 80
9 81
10 11
10 17
10 27
10 29
10 30
10 37
10 38
10 50
10 51
10 52
10 54
10 58
10 59
10 67
10 83
10 90
10 91
11 16
11 21
11 24
11 28
11 29
11 30
11 42
11 47
11 48
11 51
11 53
11 57
11 60
11 67
11 70
11 75
11 78
11 82
11 86
11 87
12 21
12 24
12 28
12 33
12 34
12 38
12 42
12 57
12 60
12 66
12 70
12 85
12 86
12 92
12 93
12 94
12 97
13 16
13 26
13 27
13 29
13 31
13 34
13 35
13 36
13 40
13 41
13 44
13 46
13 62
13 76
13 78
13 85
13 87
13 91
14 16
14 19
14 21
14 24
14 28
14 30
14 38
14 45
14 46
14 55
14 56
14 67
14 69
14 80
14 83
14 88
14 96
15 19
15 29
15 39
15 40
15 45
15 47
15 49
15 56
15 59
15 62
15 64
15 69
15 88
15 91
16 18
16 19
16 21
16 22
16 26
16 35
16 40
16 60
16 65
16 71
16 76
16 80
16 83
16 88
16 97
17 20
17 21
17 25
17 27
17 35
17 37
17 41
17 44
17 52
17 56
17 57
17 62
17 70
17 73
17 74
17 75
17 76
17 82
17 85
17 86
17 88
17 89
17 93
18 20
18 27
18 38
18 41
18 46
18 48
18 50
18 52
18 53
18 60
18 68
18 80
18 81
18 84
18 85
18 86
18 88
18 94
19 28
19 30
19 31
19 34
19 41
19 47
19 49
19 52
19 64
19 71
19 72
19 73
19 85
19 93
19 96
20 24
20 28
20 30
20 36
20 45
20 52
20 54
20 61
20 64
20 77
20 90
20 92
20 95
20 98
21 22
21 27
21 35
21 40
21 41
21 46
21 63
21 68
21 72
21 76
21 79
21 80
21 83
21 86
21 87
21 92
21 93
21 97
22 26
22 31
22 36
22 38
22 43
22 45
22 47
22 53
22 54
22 57
22 58
22 59
22 63
22 66
22 76
22 86
22 90
22 92
22 96
22 98
22 99
23 26
23 28
23 29
23 37
23 38
23 39
23 42
23 44
23 46
23 49
23 52
23 55
23 67
23 69
23 82
23 86
23 88
23 91
24 29
24 32
24 37
24 39
24 50
24 57
24 63
24 64
24 68
24 69
24 79
24 80
24 81
24 89
24 90
24 97
24 99
25 28
25 29
25 33
25 37
25 40
25 43
25 44
25 45
25 46
25 50
25 53
25 63
25 69
25 75
25 83
25 86
25 93
25 96
25 97
25 99
26 28
26 30
26 38
26 44
26 47
26 54
26 56
26 71
26 72
26 77
26 89
26 94
26 98
27 31
27 32
27 43
27 48
27 50
27 52
27 53
27 66
27 69
27 79
27 83
27 89
27 92
28 31
28 33
28 40
28 41
28 44
28 47
28 72
28 73
28 76
28 78
28 93
28 94
28 97
28 99
29 33
29 35
29 38
29 40
29 44
29 46
29 48
29 49
29 50
29 51
29 65
29 66
29 71
29 74
29 76
29 79
29 91
29 94
30 34
30 36
30 37
30 38
30 40
30 45
30 47
30 51
30 62
30 63
30 64
30 68
30 71
30 80
30 82
30 93
30 94
31 44
31 45
31 48
31 53
31 63
31 64
31 71
31 74
31 77
31 83
31 89
31 93
31 94
31 97
31 98
32 48
32 51
32 55
32 57
32 64
32 65
32 69
32 81
32 89
32 97
33 38
33 42
33 46
33 51
33 57
33 61
33 64
33 69
33 70
33 72
33 78
33 84
33 87
33 89
33 93
33 98
34 37
34 39
34 53
34 69
34 70
34 71
34 72
34 77
34 83
34 87
34 90
34 93
35 36
35 38
35 40
35 44
35 46
35 51
35 56
35 62
35 65
35 82
35 85
35 93
36 44
36 48
36 49
36 65
36 72
36 76
36 83
36 85
36 89
36 93
37 38
37 42
37 53
37 54
37 63
37 72
37 80
37 84
38 41
38 42
38 44
38 45
38 48
38 49
38 55
38 61
38 65
38 77
38 78
38 81
38 82
38 83
38 84
38 86
38 88
38 89
39 41
39 49
39 51
39 54
39 56
39 61
39 64
39 65
39 70
39 80
39 85
39 96
40 43
40 50
40 57
40 70
40 73
40 77
40 78
40 81
40 87
40 89
41 42
41 46
41 68
41 72
41 75
41 76
41 80
41 88
41 91
41 93
41 95
42 50
42 52
42 58
42 75
42 87
42 89
42 91
43 48
43 49
43 53
43 57
43 58
43 59
43 63
43 68
43 76
43 84
43 87
43 88
43 89
43 96
43 99
44 45
44 50
44 53
44 54
44 61
44 67
44 75
44 79
44 96
44 97
45 52
45 59
45 62
45 65
45 66
45 74
45 76
45 82
45 83
45 86
45 88
45 92
45 93
46 52
46 64
46 65
46 68
46 75
46 88
46 90
46 93
46 94
46 97
47 55
47 67
47 82
47 89
47 93
47 95
47 99
48 51
48 52
48 58
48 78
48 79
48 80
48 84
48 94
48 96
49 50
49 52
49 56
49 57
49 74
49 79
49 94
49 99
50 52
50 55
50 58
50 64
50 66
50 73
50 82
50 87
50 89
51 55
51 59
51 62
51 66
51 69
51 71
51 73
51 80
51 90
52 54
52 61
52 62
52 64
52 65
52 67
52 68
52 69
52 70
52 74
52 75
52 76
52 80
52 84
52 85
52 88
52 98
53 57
53 58
53 60
53 61
53 63
53 66
53 75
53 77
53 78
53 82
53 87
53 93
53 97
53 99
54 55
54 56
54 57
54 71
54 72
54 91
54 94
55 58
55 61
55 64
55 76
55 80
55 85
55 89
55 91
55 95
56 74
56 91
56 94
57 59
57 66
57 70
57 76
57 77
57 78
57 82
57 90
57 94
57 95
57 97
58 62
58 65
58 79
58 80
58 83
58 86
58 97
58 99
59 68
59 73
59 74
59 82
59 83
59 86
59 87
59 91
59 93
59 98
60 61
60 68
60 72
60 73
60 74
60 75
60 77
60 80
60 83
60 85
60 89
60 90
60 92
60 98
61 69
61 73
61 74
61 94
62 68
62 76
62 83
62 92
62 95
63 68
63 72
63 83
63 85
63 86
63 87
63 90
63 91
64 66
64 69
64 71
64 77
64 80
64 90
65 66
65 73
65 74
65 75
65 83
65 92
65 93
65 97
66 67
66 75
66 96
66 97
66 99
67 69
67 70
67 71
67 74
67 78
67 82
67 92
67 98
68 72
68 83
68 89
68 90
68 93
68 94
68 95
69 70
69 72
69 75
69 79
69 82
69 84
69 85
69 90
70 80
70 83
70 89
70 90
70 93
71 72
71 87
71 89
71 97
71 99
72 75
72 79
72 83
72 87
73 82
73 87
73 96
74 76
74 77
74 86
74 93
74 95
74 99
75 78
75 79
75 92
76 77
76 82
76 92
76 96
76 99
77 78
77 84
77 85
78 79
78 82
78 83
78 84
78 86
78 91
78 95
78 98
79 82
79 86
79 96
80 84
80 85
80 87
80 89
80 93
80 94
80 97
81 85
81 86
81 90
81 92
81 94
82 90
82 95
83 86
83 90
84 87
85 89
85 97
86 89
87 91
87 92
87 98
88 89
88 91
88 93
88 94
88 96
88 97
89 91
89 92
89 95
89 98
90 94
90 96
90 98
93 98
98 99
