100 3 937

36 29 35

2 -1 5
-1 3 11
5 11 2

0 12
0 16
0 27
0 31
0 39
0 41
0 42
0 50
0 58
0 86
0 94
0 97
0 98
1 3
1 6
1 7
1 10
1 14
1 16
1 26
1 29
1 31
1 32
1 48
1 58
1 66
1 69
1 70
1 78
1 92
1 93
1 95
2 9
2 13
2 22
2 26
2 30
2 39
2 45
2 55
2 56
2 67
2 79
2 96
3 9
3 15
3 16
3 17
3 18
3 20
3 22
3 27
3 28
3 36
3 54
3 58
3 61
3 64
3 76
3 80
3 81
3 83
3 85
3 87
3 88
3 89
3 90
3 92
3 94
3 95
3 96
3 99
4 17
4 21
4 36
4 43
4 53
4 62
4 67
4 71
4 73
4 87
4 89
4 93
4 95
5 25
5 26
5 30
5 32
5 33
5 35
5 41
5 42
5 45
5 46
5 49
5 51
5 60
5 65
5 68
5 71
5 80
5 84
5 85
5 86
5 88
5 89
5 91
5 92
5 96
6 18
6 20
6 23
6 33
6 53
6 54
6 55
6 60
6 63
6 64
6 76
6 80
6 83
6 85
6 89
6 95
6 99
7 9
7 11
7 13
7 21
7 27
7 37
7 39
7 42
7 44
7 45
7 58
7 80
7 81
7 83
7 84
7 98
8 9
8 17
8 18
8 19
8 22
8 27
8 34
8 46
8 48
8 61
8 66
8 70
8 74
8 87
8 88
8 99
9 10
9 20
9 27
9 29
9 34
9 35
9 43
9 56
9 58
9 60
9 61
9 62
9 66
9 67
9 69
9 73
9 84
9 97
10 31
10 32
10 36
10 39
10 42
10 53
10 65
10 67
10 69
10 78
10 79
10 85
11 12
11 23
11 32
11 42
11 44
11 49
11 53
11 62
11 63
11 75
11 84
12 20
12 25
12 36
12 37
12 39
12 42
12 47
12 50
12 52
12 53
12 56
12 57
12 69
12 73
12 74
12 77
12 78
12 85
12 89
13 23
13 39
13 49
13 52
13 68
13 69
13 72
13 74
13 89
14 22
14 29
14 30
14 32
14 38
14 49
14 50
14 52
14 57
14 62
14 69
14 74
14 78
14 86
15 26
15 27
15 30
15 38
15 40
15 44
15 45
15 46
15 47
15 52
15 68
15 75
15 84
15 85
16 18
16 23
16 24
16 29
16 30
16 34
16 39
16 43
16 51
16 54
16 63
16 65
16 79
16 87
16 92
17 20
17 27
17 28
17 29
17 30
17 34
17 38
17 39
17 41
17 54
17 55
17 56
17 57
17 63
17 64
17 68
17 74
17 79
17 82
18 20
18 26
18 27
18 28
18 31
18 34
18 37
18 44
18 45
18 47
18 67
18 68
18 70
18 76
18 78
18 79
18 88
18 89
18 92
18 94
19 21
19 25
19 27
19 31
19 35
19 39
19 44
19 52
19 59
19 61
19 81
19 88
19 89
20 41
20 44
20 46
20 53
20 60
20 65
20 73
20 74
20 84
20 88
20 89
20 92
20 95
21 23
21 24
21 25
21 33
21 41
21 45
21 50
21 63
21 65
21 67
21 69
21 77
21 78
21 79
21 90
21 91
22 24
22 27
22 28
22 35
22 41
22 46
22 47
22 50
22 53
22 54
22 59
22 61
22 67
22 69
22 71
22 81
22 84
22 91
22 95
22 97
23 31
23 32
23 33
23 35
23 37
23 38
23 45
23 49
23 73
23 79
23 82
23 84
23 87
23 89
23 90
23 91
23 95
23 97
24 29
24 31
24 46
24 50
24 54
24 64
24 65
24 67
24 71
24 86
24 88
25 26
25 27
25 31
25 34
25 38
25 43
25 51
25 52
25 55
25 56
25 58
25 64
25 71
25 75
25 79
25 81
25 85
25 91
25 98
26 28
26 39
26 42
26 44
26 46
26 49
26 57
26 69
26 73
26 85
27 41
27 44
27 45
27 52
27 61
27 65
27 68
27 69
27 72
27 77
27 96
28 34
28 46
28 49
28 51
28 58
28 59
28 73
28 75
28 84
28 90
28 91
28 95
28 96
28 99
29 34
29 36
29 43
29 48
29 50
29 53
29 59
29 79
29 80
29 81
29 99
30 34
30 36
30 38
30 42
30 44
30 45
30 46
30 55
30 63
30 64
30 67
30 72
30 83
30 84
30 87
30 89
30 93
30 95
31 45
31 47
31 49
31 52
31 55
31 60
31 64
31 76
31 77
31 86
31 89
32 34
32 37
32 38
32 43
32 46
32 48
32 52
32 53
32 54
32 55
32 60
32 64
32 69
32 72
32 74
32 75
32 82
32 88
32 92
32 97
33 34
33 40
33 42
33 57
33 58
33 62
33 63
33 65
33 90
33 92
34 39
34 43
34 54
34 65
34 71
34 80
34 85
34 86
34 88
34 92
34 93
34 97
34 99
35 36
35 37
35 60
35 69
35 74
36 41
36 57
36 58
36 60
36 65
36 73
36 78
36 86
36 92
36 98
37 42
37 47
37 50
37 60
37 66
37 78
37 79
37 88
38 39
38 50
38 52
38 64
38 65
38 69
38 71
38 76
38 81
38 85
38 90
38 91
39 41
39 42
39 43
39 50
39 53
39 55
39 56
39 59
39 60
39 61
39 64
39 68
39 73
39 82
39 83
39 91
39 94
40 41
40 44
40 62
40 69
40 73
40 78
40 84
40 89
40 91
40 94
40 95
41 44
41 46
41 48
41 59
41 73
41 86
41 89
41 94
41 95
42 49
42 58
42 63
42 64
42 69
42 71
42 77
42 82
42 83
42 91
43 45
43 47
43 50
43 55
43 57
43 71
43 75
43 76
43 80
43 87
43 90
43 93
43 96
43 99
44 61
44 68
44 71
44 72
44 94
44 98
45 46
45 52
45 56
45 59
45 64
45 72
45 76
45 92
45 93
46 50
46 54
46 57
46 59
46 61
46 62
46 68
46 69
46 73
46 92
46 95
47 51
47 54
47 76
47 80
47 81
47 91
47 94
47 96
47 99
48 53
48 76
48 77
48 79
48 96
48 99
49 51
49 54
49 63
49 76
49 83
49 98
50 57
50 66
50 71
50 74
50 76
50 79
50 80
50 92
50 97
51 58
51 63
51 72
51 73
51 80
51 85
51 88
51 89
52 55
52 63
52 69
52 74
52 79
52 82
52 83
52 85
52 89
52 95
52 96
52 99
53 55
53 58
53 63
53 66
53 69
53 70
53 71
53 76
53 77
53 78
53 81
53 84
53 88
53 96
53 97
53 99
54 57
54 66
54 88
54 90
54 91
54 93
55 62
55 63
55 76
55 79
55 81
55 82
55 83
56 65
56 78
56 79
56 81
56 83
56 86
56 92
57 70
57 81
57 85
57 89
57 90
57 91
57 92
57 95
58 59
58 63
58 64
58 81
58 87
58 91
58 99
59 60
59 66
59 68
59 71
59 76
59 85
59 94
59 96
59 97
59 99
60 62
60 71
60 88
60 89
60 91
60 93
60 94
60 96
60 98
61 62
61 63
61 64
61 65
61 68
61 74
61 76
61 77
61 78
61 83
61 84
61 85
61 86
61 88
62 68
62 71
62 74
62 76
62 86
62 93
62 95
63 64
63 68
63 72
63 74
63 80
63 83
63 87
63 90
63 93
64 72
64 74
64 75
64 78
64 86
64 88
64 91
64 94
64 98
65 74
65 77
65 81
65 93
65 96
66 84
66 85
66 90
66 93
66 94
66 95
67 69
67 71
67 83
67 88
67 96
68 70
68 75
68 76
68 78
68 79
68 84
68 88
68 91
68 98
69 71
69 73
69 75
69 79
69 80
69 87
69 88
69 94
70 71
70 75
70 78
70 81
70 87
70 89
70 94
70 99
71 75
71 78
71 94
71 99
72 73
72 78
72 93
73 81
74 75
74 84
74 86
74 88
74 97
75 81
75 88
75 89
75 97
76 81
76 87
76 94
76 95
77 82
77 83
77 84
77 85
77 96
78 81
78 83
78 90
78 98
78 99
79 87
79 94
80 81
80 85
80 87
80 88
80 93
80 96
80 97
80 99
81 84
81 89
81 92
81 94
81 95
82 91
82 92
82 93
83 84
83 90
83 93
83 95
83 99
84 91
84 92
84 97
85 88
85 92
85 96
86 88
86 89
86 95
86 98
86 99
87 92
88 89
88 90
88 91
88 99
90 93
90 94
91 94
92 97
95 96
95 97
95 99
